function  [colors] = color()
%define different colors for plots
colors = [ 0, 0.7882, 0.3412; 1.0000, 0.6471, 0; 1 ,0 ,0; 0, 0, 1; 0.4118, 0.4118, 0.4118; 0.4902, 0.1490, 0.8039; 1.0000, 0.8431, 0; 0.6471, 0.1647, 0.1647 ];
end

